SPEAKER         id       #SENT      #WORD       Corr        Sub        Ins        Del        Err      S.Err
yf001           raw         99         99         69         30          0          0         30         30
yf001           sys         99         99      69.70      30.30       0.00       0.00      30.30      30.30
yf002           raw        157        157        139         17          0          1         18         18
yf002           sys        157        157      88.54      10.83       0.00       0.64      11.46      11.46
yf003           raw        101        101         74         27          1          0         28         27
yf003           sys        101        101      73.27      26.73       0.99       0.00      27.72      26.73
yf004           raw        132        132        100         30          0          2         32         32
yf004           sys        132        132      75.76      22.73       0.00       1.52      24.24      24.24
yf005           raw        120        120         88         31          2          1         34         32
yf005           sys        120        120      73.33      25.83       1.67       0.83      28.33      26.67
yf006           raw        121        121         94         26          0          1         27         27
yf006           sys        121        121      77.69      21.49       0.00       0.83      22.31      22.31
yf007           raw         84         84         74         10          0          0         10         10
yf007           sys         84         84      88.10      11.90       0.00       0.00      11.90      11.90
yf008           raw         82         82         74          8          0          0          8          8
yf008           sys         82         82      90.24       9.76       0.00       0.00       9.76       9.76
yf009           raw         99         99         79         20          0          0         20         20
yf009           sys         99         99      79.80      20.20       0.00       0.00      20.20      20.20
yf010           raw         58         58         54          3          0          1          4          4
yf010           sys         58         58      93.10       5.17       0.00       1.72       6.90       6.90
ym001           raw        206        206        191         12          0          3         15         15
ym001           sys        206        206      92.72       5.83       0.00       1.46       7.28       7.28
ym002           raw        133        133        100         26          1          7         34         33
ym002           sys        133        133      75.19      19.55       0.75       5.26      25.56      24.81
ym003           raw         88         88         75         12          0          1         13         13
ym003           sys         88         88      85.23      13.64       0.00       1.14      14.77      14.77
ym004           raw        110        110         98         12          0          0         12         12
ym004           sys        110        110      89.09      10.91       0.00       0.00      10.91      10.91
ym005           raw        174        174        151         22          1          1         24         23
ym005           sys        174        174      86.78      12.64       0.57       0.57      13.79      13.22
ym006           raw         12         12          5          7          0          0          7          7
ym006           sys         12         12      41.67      58.33       0.00       0.00      58.33      58.33
ym007           raw         65         65         61          4          1          0          5          4
ym007           sys         65         65      93.85       6.15       1.54       0.00       7.69       6.15
ym008           raw         71         71         65          6          0          0          6          6
ym008           sys         71         71      91.55       8.45       0.00       0.00       8.45       8.45
ym009           raw         76         76         65         11          0          0         11         11
ym009           sys         76         76      85.53      14.47       0.00       0.00      14.47      14.47
ym010           raw         74         74         69          3          0          2          5          5
ym010           sys         74         74      93.24       4.05       0.00       2.70       6.76       6.76
SUM             raw       2062       2062       1725        317          6         20        343        337
SUM             sys       2062       2062      83.66      15.37       0.29       0.97      16.63      16.34
