SPEAKER         id       #SENT      #WORD       Corr        Sub        Ins        Del        Err      S.Err
yf001           raw         99         99         70         26          3          3         32         30
yf001           sys         99         99      70.71      26.26       3.03       3.03      32.32      30.30
yf002           raw        157        157        146         10          0          1         11         11
yf002           sys        157        157      92.99       6.37       0.00       0.64       7.01       7.01
yf003           raw        101        101         78         23          1          0         24         23
yf003           sys        101        101      77.23      22.77       0.99       0.00      23.76      22.77
yf004           raw        132        132         98         31          0          3         34         34
yf004           sys        132        132      74.24      23.48       0.00       2.27      25.76      25.76
yf005           raw        120        120         88         31          4          1         36         33
yf005           sys        120        120      73.33      25.83       3.33       0.83      30.00      27.50
yf006           raw        121        121         93         28          2          0         30         28
yf006           sys        121        121      76.86      23.14       1.65       0.00      24.79      23.14
yf007           raw         84         84         75          9          0          0          9          9
yf007           sys         84         84      89.29      10.71       0.00       0.00      10.71      10.71
yf008           raw         82         82         63         18          2          1         21         20
yf008           sys         82         82      76.83      21.95       2.44       1.22      25.61      24.39
yf009           raw         99         99         89          8          1          2         11         11
yf009           sys         99         99      89.90       8.08       1.01       2.02      11.11      11.11
yf010           raw         58         58         53          3          0          2          5          5
yf010           sys         58         58      91.38       5.17       0.00       3.45       8.62       8.62
ym001           raw        206        206        185         15          0          6         21         21
ym001           sys        206        206      89.81       7.28       0.00       2.91      10.19      10.19
ym002           raw        133        133        113         16          2          4         22         20
ym002           sys        133        133      84.96      12.03       1.50       3.01      16.54      15.04
ym003           raw         88         88         80          7          0          1          8          8
ym003           sys         88         88      90.91       7.95       0.00       1.14       9.09       9.09
ym004           raw        110        110        105          5          0          0          5          5
ym004           sys        110        110      95.45       4.55       0.00       0.00       4.55       4.55
ym005           raw        174        174        158         15          2          1         18         18
ym005           sys        174        174      90.80       8.62       1.15       0.57      10.34      10.34
ym006           raw         12         12          6          4          0          2          6          6
ym006           sys         12         12      50.00      33.33       0.00      16.67      50.00      50.00
ym007           raw         65         65         60          5          1          0          6          6
ym007           sys         65         65      92.31       7.69       1.54       0.00       9.23       9.23
ym008           raw         71         71         66          4          0          1          5          5
ym008           sys         71         71      92.96       5.63       0.00       1.41       7.04       7.04
ym009           raw         76         76         71          5          0          0          5          5
ym009           sys         76         76      93.42       6.58       0.00       0.00       6.58       6.58
ym010           raw         74         74         73          1          0          0          1          1
ym010           sys         74         74      98.65       1.35       0.00       0.00       1.35       1.35
SUM             raw       2062       2062       1770        264         18         28        310        299
SUM             sys       2062       2062      85.84      12.80       0.87       1.36      15.03      14.50
