SPEAKER         id       #SENT      #WORD       Corr        Sub        Ins        Del        Err      S.Err
yf001           raw         99         99         69         28          1          2         31         30
yf001           sys         99         99      69.70      28.28       1.01       2.02      31.31      30.30
yf002           raw        157        157        139         13          0          5         18         18
yf002           sys        157        157      88.54       8.28       0.00       3.18      11.46      11.46
yf003           raw        101        101         69         29          1          3         33         32
yf003           sys        101        101      68.32      28.71       0.99       2.97      32.67      31.68
yf004           raw        132        132         99         30          0          3         33         33
yf004           sys        132        132      75.00      22.73       0.00       2.27      25.00      25.00
yf005           raw        120        120         86         32          2          2         36         35
yf005           sys        120        120      71.67      26.67       1.67       1.67      30.00      29.17
yf006           raw        121        121         93         25          1          3         29         29
yf006           sys        121        121      76.86      20.66       0.83       2.48      23.97      23.97
yf007           raw         84         84         77          7          1          0          8          8
yf007           sys         84         84      91.67       8.33       1.19       0.00       9.52       9.52
yf008           raw         82         82         65         13          0          4         17         17
yf008           sys         82         82      79.27      15.85       0.00       4.88      20.73      20.73
yf009           raw         99         99         87          9          0          3         12         12
yf009           sys         99         99      87.88       9.09       0.00       3.03      12.12      12.12
yf010           raw         58         58         53          4          0          1          5          5
yf010           sys         58         58      91.38       6.90       0.00       1.72       8.62       8.62
ym001           raw        206        206        178         19          0          9         28         28
ym001           sys        206        206      86.41       9.22       0.00       4.37      13.59      13.59
ym002           raw        133        133        106         17          0         10         27         27
ym002           sys        133        133      79.70      12.78       0.00       7.52      20.30      20.30
ym003           raw         88         88         78          8          0          2         10         10
ym003           sys         88         88      88.64       9.09       0.00       2.27      11.36      11.36
ym004           raw        110        110        104          5          0          1          6          6
ym004           sys        110        110      94.55       4.55       0.00       0.91       5.45       5.45
ym005           raw        174        174        160         13          1          1         15         15
ym005           sys        174        174      91.95       7.47       0.57       0.57       8.62       8.62
ym006           raw         12         12          8          3          0          1          4          4
ym006           sys         12         12      66.67      25.00       0.00       8.33      33.33      33.33
ym007           raw         65         65         61          4          1          0          5          5
ym007           sys         65         65      93.85       6.15       1.54       0.00       7.69       7.69
ym008           raw         71         71         69          2          0          0          2          2
ym008           sys         71         71      97.18       2.82       0.00       0.00       2.82       2.82
ym009           raw         76         76         70          5          0          1          6          6
ym009           sys         76         76      92.11       6.58       0.00       1.32       7.89       7.89
ym010           raw         74         74         71          2          0          1          3          3
ym010           sys         74         74      95.95       2.70       0.00       1.35       4.05       4.05
SUM             raw       2062       2062       1742        268          8         52        328        325
SUM             sys       2062       2062      84.48      13.00       0.39       2.52      15.91      15.76
