SPEAKER         id       #SENT      #WORD       Corr        Sub        Ins        Del        Err      S.Err
yf001           raw         99         99         76         22          3          1         26         23
yf001           sys         99         99      76.77      22.22       3.03       1.01      26.26      23.23
yf002           raw        157        157        144         11          0          2         13         13
yf002           sys        157        157      91.72       7.01       0.00       1.27       8.28       8.28
yf003           raw        101        101         73         27          2          1         30         28
yf003           sys        101        101      72.28      26.73       1.98       0.99      29.70      27.72
yf004           raw        132        132        110         20          0          2         22         22
yf004           sys        132        132      83.33      15.15       0.00       1.52      16.67      16.67
yf005           raw        120        120         97         23          2          0         25         24
yf005           sys        120        120      80.83      19.17       1.67       0.00      20.83      20.00
yf006           raw        121        121        100         20          1          1         22         21
yf006           sys        121        121      82.64      16.53       0.83       0.83      18.18      17.36
yf007           raw         84         84         81          3          1          0          4          4
yf007           sys         84         84      96.43       3.57       1.19       0.00       4.76       4.76
yf008           raw         82         82         65         15          3          2         20         18
yf008           sys         82         82      79.27      18.29       3.66       2.44      24.39      21.95
yf009           raw         99         99         90          7          0          2          9          9
yf009           sys         99         99      90.91       7.07       0.00       2.02       9.09       9.09
yf010           raw         58         58         54          4          1          0          5          5
yf010           sys         58         58      93.10       6.90       1.72       0.00       8.62       8.62
ym001           raw        206        206        187         12          0          7         19         19
ym001           sys        206        206      90.78       5.83       0.00       3.40       9.22       9.22
ym002           raw        133        133        113         15          0          5         20         20
ym002           sys        133        133      84.96      11.28       0.00       3.76      15.04      15.04
ym003           raw         88         88         80          7          0          1          8          8
ym003           sys         88         88      90.91       7.95       0.00       1.14       9.09       9.09
ym004           raw        110        110        106          4          0          0          4          4
ym004           sys        110        110      96.36       3.64       0.00       0.00       3.64       3.64
ym005           raw        174        174        163         10          1          1         12         12
ym005           sys        174        174      93.68       5.75       0.57       0.57       6.90       6.90
ym006           raw         12         12          9          3          0          0          3          3
ym006           sys         12         12      75.00      25.00       0.00       0.00      25.00      25.00
ym007           raw         65         65         61          4          1          0          5          5
ym007           sys         65         65      93.85       6.15       1.54       0.00       7.69       7.69
ym008           raw         71         71         67          3          1          1          5          4
ym008           sys         71         71      94.37       4.23       1.41       1.41       7.04       5.63
ym009           raw         76         76         71          5          1          0          6          5
ym009           sys         76         76      93.42       6.58       1.32       0.00       7.89       6.58
ym010           raw         74         74         72          2          0          0          2          2
ym010           sys         74         74      97.30       2.70       0.00       0.00       2.70       2.70
SUM             raw       2062       2062       1819        217         17         26        260        249
SUM             sys       2062       2062      88.22      10.52       0.82       1.26      12.61      12.08
