SPEAKER         id       #SENT      #WORD       Corr        Sub        Ins        Del        Err      S.Err
yf001           raw         99         99         80         17          2          2         21         19
yf001           sys         99         99      80.81      17.17       2.02       2.02      21.21      19.19
yf002           raw        157        157        141         12          0          4         16         16
yf002           sys        157        157      89.81       7.64       0.00       2.55      10.19      10.19
yf003           raw        101        101         80         20          1          1         22         21
yf003           sys        101        101      79.21      19.80       0.99       0.99      21.78      20.79
yf004           raw        132        132        107         20          1          5         26         25
yf004           sys        132        132      81.06      15.15       0.76       3.79      19.70      18.94
yf005           raw        120        120         99         18          2          3         23         22
yf005           sys        120        120      82.50      15.00       1.67       2.50      19.17      18.33
yf006           raw        121        121        103         17          0          1         18         18
yf006           sys        121        121      85.12      14.05       0.00       0.83      14.88      14.88
yf007           raw         84         84         81          3          0          0          3          3
yf007           sys         84         84      96.43       3.57       0.00       0.00       3.57       3.57
yf008           raw         82         82         73          8          1          1         10          9
yf008           sys         82         82      89.02       9.76       1.22       1.22      12.20      10.98
yf009           raw         99         99         89          8          0          2         10         10
yf009           sys         99         99      89.90       8.08       0.00       2.02      10.10      10.10
yf010           raw         58         58         56          2          1          0          3          3
yf010           sys         58         58      96.55       3.45       1.72       0.00       5.17       5.17
ym001           raw        206        206        189         11          0          6         17         17
ym001           sys        206        206      91.75       5.34       0.00       2.91       8.25       8.25
ym002           raw        133        133        120          8          1          5         14         13
ym002           sys        133        133      90.23       6.02       0.75       3.76      10.53       9.77
ym003           raw         88         88         81          5          0          2          7          7
ym003           sys         88         88      92.05       5.68       0.00       2.27       7.95       7.95
ym004           raw        110        110        107          3          0          0          3          3
ym004           sys        110        110      97.27       2.73       0.00       0.00       2.73       2.73
ym005           raw        174        174        165          8          2          1         11         11
ym005           sys        174        174      94.83       4.60       1.15       0.57       6.32       6.32
ym006           raw         12         12          7          2          0          3          5          5
ym006           sys         12         12      58.33      16.67       0.00      25.00      41.67      41.67
ym007           raw         65         65         61          4          1          0          5          5
ym007           sys         65         65      93.85       6.15       1.54       0.00       7.69       7.69
ym008           raw         71         71         67          4          1          0          5          4
ym008           sys         71         71      94.37       5.63       1.41       0.00       7.04       5.63
ym009           raw         76         76         72          4          0          0          4          4
ym009           sys         76         76      94.74       5.26       0.00       0.00       5.26       5.26
ym010           raw         74         74         74          0          0          0          0          0
ym010           sys         74         74     100.00       0.00       0.00       0.00       0.00       0.00
SUM             raw       2062       2062       1852        174         13         36        223        215
SUM             sys       2062       2062      89.82       8.44       0.63       1.75      10.81      10.43
