SPEAKER         id       #SENT      #WORD       Corr        Sub        Ins        Del        Err      S.Err
yf001           raw         99         99         74         24          2          1         27         25
yf001           sys         99         99      74.75      24.24       2.02       1.01      27.27      25.25
yf002           raw        157        157        136         19          0          2         21         21
yf002           sys        157        157      86.62      12.10       0.00       1.27      13.38      13.38
yf003           raw        101        101         74         27          1          0         28         27
yf003           sys        101        101      73.27      26.73       0.99       0.00      27.72      26.73
yf004           raw        132        132        105         23          0          4         27         27
yf004           sys        132        132      79.55      17.42       0.00       3.03      20.45      20.45
yf005           raw        120        120         92         27          2          1         30         28
yf005           sys        120        120      76.67      22.50       1.67       0.83      25.00      23.33
yf006           raw        121        121         96         23          0          2         25         25
yf006           sys        121        121      79.34      19.01       0.00       1.65      20.66      20.66
yf007           raw         84         84         80          4          1          0          5          5
yf007           sys         84         84      95.24       4.76       1.19       0.00       5.95       5.95
yf008           raw         82         82         70         11          1          1         13         12
yf008           sys         82         82      85.37      13.41       1.22       1.22      15.85      14.63
yf009           raw         99         99         87         12          0          0         12         12
yf009           sys         99         99      87.88      12.12       0.00       0.00      12.12      12.12
yf010           raw         58         58         52          3          0          3          6          6
yf010           sys         58         58      89.66       5.17       0.00       5.17      10.34      10.34
ym001           raw        206        206        186         15          0          5         20         20
ym001           sys        206        206      90.29       7.28       0.00       2.43       9.71       9.71
ym002           raw        133        133        111         15          1          7         23         22
ym002           sys        133        133      83.46      11.28       0.75       5.26      17.29      16.54
ym003           raw         88         88         73         14          0          1         15         15
ym003           sys         88         88      82.95      15.91       0.00       1.14      17.05      17.05
ym004           raw        110        110        105          5          0          0          5          5
ym004           sys        110        110      95.45       4.55       0.00       0.00       4.55       4.55
ym005           raw        174        174        160         14          1          0         15         14
ym005           sys        174        174      91.95       8.05       0.57       0.00       8.62       8.05
ym006           raw         12         12          5          5          0          2          7          7
ym006           sys         12         12      41.67      41.67       0.00      16.67      58.33      58.33
ym007           raw         65         65         57          8          2          0         10          9
ym007           sys         65         65      87.69      12.31       3.08       0.00      15.38      13.85
ym008           raw         71         71         66          5          0          0          5          5
ym008           sys         71         71      92.96       7.04       0.00       0.00       7.04       7.04
ym009           raw         76         76         70          5          0          1          6          6
ym009           sys         76         76      92.11       6.58       0.00       1.32       7.89       7.89
ym010           raw         74         74         66          5          0          3          8          8
ym010           sys         74         74      89.19       6.76       0.00       4.05      10.81      10.81
SUM             raw       2062       2062       1765        264         11         33        308        299
SUM             sys       2062       2062      85.60      12.80       0.53       1.60      14.94      14.50
