SPEAKER         id       #SENT      #WORD       Corr        Sub        Ins        Del        Err      S.Err
yf001           raw         99         99         68         30          2          1         33         31
yf001           sys         99         99      68.69      30.30       2.02       1.01      33.33      31.31
yf002           raw        157        157        141         12          0          4         16         16
yf002           sys        157        157      89.81       7.64       0.00       2.55      10.19      10.19
yf003           raw        101        101         75         25          2          1         28         27
yf003           sys        101        101      74.26      24.75       1.98       0.99      27.72      26.73
yf004           raw        132        132        106         23          0          3         26         26
yf004           sys        132        132      80.30      17.42       0.00       2.27      19.70      19.70
yf005           raw        120        120         85         32          3          3         38         35
yf005           sys        120        120      70.83      26.67       2.50       2.50      31.67      29.17
yf006           raw        121        121         93         26          0          2         28         28
yf006           sys        121        121      76.86      21.49       0.00       1.65      23.14      23.14
yf007           raw         84         84         75          9          0          0          9          9
yf007           sys         84         84      89.29      10.71       0.00       0.00      10.71      10.71
yf008           raw         82         82         74          8          0          0          8          8
yf008           sys         82         82      90.24       9.76       0.00       0.00       9.76       9.76
yf009           raw         99         99         85         12          0          2         14         14
yf009           sys         99         99      85.86      12.12       0.00       2.02      14.14      14.14
yf010           raw         58         58         51          3          1          4          8          7
yf010           sys         58         58      87.93       5.17       1.72       6.90      13.79      12.07
ym001           raw        206        206        182         16          0          8         24         24
ym001           sys        206        206      88.35       7.77       0.00       3.88      11.65      11.65
ym002           raw        133        133        106         18          1          9         28         27
ym002           sys        133        133      79.70      13.53       0.75       6.77      21.05      20.30
ym003           raw         88         88         77          9          0          2         11         11
ym003           sys         88         88      87.50      10.23       0.00       2.27      12.50      12.50
ym004           raw        110        110        102          8          0          0          8          8
ym004           sys        110        110      92.73       7.27       0.00       0.00       7.27       7.27
ym005           raw        174        174        157         16          0          1         17         17
ym005           sys        174        174      90.23       9.20       0.00       0.57       9.77       9.77
ym006           raw         12         12          8          2          0          2          4          4
ym006           sys         12         12      66.67      16.67       0.00      16.67      33.33      33.33
ym007           raw         65         65         57          8          2          0         10          9
ym007           sys         65         65      87.69      12.31       3.08       0.00      15.38      13.85
ym008           raw         71         71         67          3          0          1          4          4
ym008           sys         71         71      94.37       4.23       0.00       1.41       5.63       5.63
ym009           raw         76         76         69          7          0          0          7          7
ym009           sys         76         76      90.79       9.21       0.00       0.00       9.21       9.21
ym010           raw         74         74         70          3          0          1          4          4
ym010           sys         74         74      94.59       4.05       0.00       1.35       5.41       5.41
SUM             raw       2062       2062       1748        270         11         44        325        316
SUM             sys       2062       2062      84.77      13.09       0.53       2.13      15.76      15.32
