SPEAKER         id       #SENT      #WORD       Corr        Sub        Ins        Del        Err      S.Err
yf001           raw         99         99         74         23          2          2         27         25
yf001           sys         99         99      74.75      23.23       2.02       2.02      27.27      25.25
yf002           raw        157        157        148          7          0          2          9          9
yf002           sys        157        157      94.27       4.46       0.00       1.27       5.73       5.73
yf003           raw        101        101         78         22          1          1         24         23
yf003           sys        101        101      77.23      21.78       0.99       0.99      23.76      22.77
yf004           raw        132        132        106         23          0          3         26         26
yf004           sys        132        132      80.30      17.42       0.00       2.27      19.70      19.70
yf005           raw        120        120         88         32          2          0         34         32
yf005           sys        120        120      73.33      26.67       1.67       0.00      28.33      26.67
yf006           raw        121        121        101         19          0          1         20         20
yf006           sys        121        121      83.47      15.70       0.00       0.83      16.53      16.53
yf007           raw         84         84         79          5          1          0          6          6
yf007           sys         84         84      94.05       5.95       1.19       0.00       7.14       7.14
yf008           raw         82         82         67         14          2          1         17         15
yf008           sys         82         82      81.71      17.07       2.44       1.22      20.73      18.29
yf009           raw         99         99         86         11          0          2         13         13
yf009           sys         99         99      86.87      11.11       0.00       2.02      13.13      13.13
yf010           raw         58         58         52          3          0          3          6          6
yf010           sys         58         58      89.66       5.17       0.00       5.17      10.34      10.34
ym001           raw        206        206        183         16          0          7         23         23
ym001           sys        206        206      88.83       7.77       0.00       3.40      11.17      11.17
ym002           raw        133        133        115         13          1          5         19         18
ym002           sys        133        133      86.47       9.77       0.75       3.76      14.29      13.53
ym003           raw         88         88         79          8          0          1          9          9
ym003           sys         88         88      89.77       9.09       0.00       1.14      10.23      10.23
ym004           raw        110        110        106          4          0          0          4          4
ym004           sys        110        110      96.36       3.64       0.00       0.00       3.64       3.64
ym005           raw        174        174        159         15          2          0         17         15
ym005           sys        174        174      91.38       8.62       1.15       0.00       9.77       8.62
ym006           raw         12         12          8          4          0          0          4          4
ym006           sys         12         12      66.67      33.33       0.00       0.00      33.33      33.33
ym007           raw         65         65         60          5          1          0          6          6
ym007           sys         65         65      92.31       7.69       1.54       0.00       9.23       9.23
ym008           raw         71         71         66          4          0          1          5          5
ym008           sys         71         71      92.96       5.63       0.00       1.41       7.04       7.04
ym009           raw         76         76         70          5          0          1          6          6
ym009           sys         76         76      92.11       6.58       0.00       1.32       7.89       7.89
ym010           raw         74         74         72          2          0          0          2          2
ym010           sys         74         74      97.30       2.70       0.00       0.00       2.70       2.70
SUM             raw       2062       2062       1797        235         12         30        277        267
SUM             sys       2062       2062      87.15      11.40       0.58       1.45      13.43      12.95
