SPEAKER         id       #SENT      #WORD       Corr        Sub        Ins        Del        Err      S.Err
yf001           raw         99         99         67         30          2          2         34         33
yf001           sys         99         99      67.68      30.30       2.02       2.02      34.34      33.33
yf002           raw        157        157        146          8          0          3         11         11
yf002           sys        157        157      92.99       5.10       0.00       1.91       7.01       7.01
yf003           raw        101        101         73         28          1          0         29         28
yf003           sys        101        101      72.28      27.72       0.99       0.00      28.71      27.72
yf004           raw        132        132        104         25          0          3         28         28
yf004           sys        132        132      78.79      18.94       0.00       2.27      21.21      21.21
yf005           raw        120        120         82         38          2          0         40         38
yf005           sys        120        120      68.33      31.67       1.67       0.00      33.33      31.67
yf006           raw        121        121         93         27          1          1         29         28
yf006           sys        121        121      76.86      22.31       0.83       0.83      23.97      23.14
yf007           raw         84         84         74         10          0          0         10         10
yf007           sys         84         84      88.10      11.90       0.00       0.00      11.90      11.90
yf008           raw         82         82         65         16          0          1         17         17
yf008           sys         82         82      79.27      19.51       0.00       1.22      20.73      20.73
yf009           raw         99         99         88          9          0          2         11         11
yf009           sys         99         99      88.89       9.09       0.00       2.02      11.11      11.11
yf010           raw         58         58         52          4          0          2          6          6
yf010           sys         58         58      89.66       6.90       0.00       3.45      10.34      10.34
ym001           raw        206        206        187         13          0          6         19         19
ym001           sys        206        206      90.78       6.31       0.00       2.91       9.22       9.22
ym002           raw        133        133        111         17          2          5         24         22
ym002           sys        133        133      83.46      12.78       1.50       3.76      18.05      16.54
ym003           raw         88         88         75         12          0          1         13         13
ym003           sys         88         88      85.23      13.64       0.00       1.14      14.77      14.77
ym004           raw        110        110        107          3          0          0          3          3
ym004           sys        110        110      97.27       2.73       0.00       0.00       2.73       2.73
ym005           raw        174        174        155         17          3          2         22         21
ym005           sys        174        174      89.08       9.77       1.72       1.15      12.64      12.07
ym006           raw         12         12          7          5          0          0          5          5
ym006           sys         12         12      58.33      41.67       0.00       0.00      41.67      41.67
ym007           raw         65         65         59          6          2          0          8          7
ym007           sys         65         65      90.77       9.23       3.08       0.00      12.31      10.77
ym008           raw         71         71         64          6          1          1          8          7
ym008           sys         71         71      90.14       8.45       1.41       1.41      11.27       9.86
ym009           raw         76         76         69          7          0          0          7          7
ym009           sys         76         76      90.79       9.21       0.00       0.00       9.21       9.21
ym010           raw         74         74         73          1          0          0          1          1
ym010           sys         74         74      98.65       1.35       0.00       0.00       1.35       1.35
SUM             raw       2062       2062       1751        282         14         29        325        315
SUM             sys       2062       2062      84.92      13.68       0.68       1.41      15.76      15.28
