SPEAKER         id       #SENT      #WORD       Corr        Sub        Ins        Del        Err      S.Err
yf001           raw         99         99         67         31          0          1         32         32
yf001           sys         99         99      67.68      31.31       0.00       1.01      32.32      32.32
yf002           raw        157        157        134         20          0          3         23         23
yf002           sys        157        157      85.35      12.74       0.00       1.91      14.65      14.65
yf003           raw        101        101         71         30          0          0         30         30
yf003           sys        101        101      70.30      29.70       0.00       0.00      29.70      29.70
yf004           raw        132        132        104         26          0          2         28         28
yf004           sys        132        132      78.79      19.70       0.00       1.52      21.21      21.21
yf005           raw        120        120         82         37          0          1         38         38
yf005           sys        120        120      68.33      30.83       0.00       0.83      31.67      31.67
yf006           raw        121        121         95         26          0          0         26         26
yf006           sys        121        121      78.51      21.49       0.00       0.00      21.49      21.49
yf007           raw         84         84         75          9          0          0          9          9
yf007           sys         84         84      89.29      10.71       0.00       0.00      10.71      10.71
yf008           raw         82         82         73          9          0          0          9          9
yf008           sys         82         82      89.02      10.98       0.00       0.00      10.98      10.98
yf009           raw         99         99         82         17          0          0         17         17
yf009           sys         99         99      82.83      17.17       0.00       0.00      17.17      17.17
yf010           raw         58         58         50          4          0          4          8          8
yf010           sys         58         58      86.21       6.90       0.00       6.90      13.79      13.79
ym001           raw        206        206        187         16          0          3         19         19
ym001           sys        206        206      90.78       7.77       0.00       1.46       9.22       9.22
ym002           raw        133        133        103         24          1          6         31         30
ym002           sys        133        133      77.44      18.05       0.75       4.51      23.31      22.56
ym003           raw         88         88         75         12          0          1         13         13
ym003           sys         88         88      85.23      13.64       0.00       1.14      14.77      14.77
ym004           raw        110        110        103          7          0          0          7          7
ym004           sys        110        110      93.64       6.36       0.00       0.00       6.36       6.36
ym005           raw        174        174        162         12          0          0         12         12
ym005           sys        174        174      93.10       6.90       0.00       0.00       6.90       6.90
ym006           raw         12         12          6          6          0          0          6          6
ym006           sys         12         12      50.00      50.00       0.00       0.00      50.00      50.00
ym007           raw         65         65         59          6          1          0          7          6
ym007           sys         65         65      90.77       9.23       1.54       0.00      10.77       9.23
ym008           raw         71         71         65          6          0          0          6          6
ym008           sys         71         71      91.55       8.45       0.00       0.00       8.45       8.45
ym009           raw         76         76         66          9          0          1         10         10
ym009           sys         76         76      86.84      11.84       0.00       1.32      13.16      13.16
ym010           raw         74         74         68          4          0          2          6          6
ym010           sys         74         74      91.89       5.41       0.00       2.70       8.11       8.11
SUM             raw       2062       2062       1727        311          2         24        337        335
SUM             sys       2062       2062      83.75      15.08       0.10       1.16      16.34      16.25
