SPEAKER         id       #SENT      #WORD       Corr        Sub        Ins        Del        Err      S.Err
yf001           raw         99         99         78         17          2          4         23         21
yf001           sys         99         99      78.79      17.17       2.02       4.04      23.23      21.21
yf002           raw        157        157        142         12          0          3         15         15
yf002           sys        157        157      90.45       7.64       0.00       1.91       9.55       9.55
yf003           raw        101        101         82         18          1          1         20         19
yf003           sys        101        101      81.19      17.82       0.99       0.99      19.80      18.81
yf004           raw        132        132        106         19          1          7         27         26
yf004           sys        132        132      80.30      14.39       0.76       5.30      20.45      19.70
yf005           raw        120        120         96         20          3          4         27         24
yf005           sys        120        120      80.00      16.67       2.50       3.33      22.50      20.00
yf006           raw        121        121        101         18          1          2         21         21
yf006           sys        121        121      83.47      14.88       0.83       1.65      17.36      17.36
yf007           raw         84         84         80          4          0          0          4          4
yf007           sys         84         84      95.24       4.76       0.00       0.00       4.76       4.76
yf008           raw         82         82         73          8          2          1         11          9
yf008           sys         82         82      89.02       9.76       2.44       1.22      13.41      10.98
yf009           raw         99         99         87          9          1          3         13         13
yf009           sys         99         99      87.88       9.09       1.01       3.03      13.13      13.13
yf010           raw         58         58         54          2          0          2          4          4
yf010           sys         58         58      93.10       3.45       0.00       3.45       6.90       6.90
ym001           raw        206        206        196          5          1          5         11         11
ym001           sys        206        206      95.15       2.43       0.49       2.43       5.34       5.34
ym002           raw        133        133        115         11          2          7         20         18
ym002           sys        133        133      86.47       8.27       1.50       5.26      15.04      13.53
ym003           raw         88         88         83          3          0          2          5          5
ym003           sys         88         88      94.32       3.41       0.00       2.27       5.68       5.68
ym004           raw        110        110        107          3          0          0          3          3
ym004           sys        110        110      97.27       2.73       0.00       0.00       2.73       2.73
ym005           raw        174        174        167          6          0          1          7          7
ym005           sys        174        174      95.98       3.45       0.00       0.57       4.02       4.02
ym006           raw         12         12          8          2          0          2          4          4
ym006           sys         12         12      66.67      16.67       0.00      16.67      33.33      33.33
ym007           raw         65         65         64          1          0          0          1          1
ym007           sys         65         65      98.46       1.54       0.00       0.00       1.54       1.54
ym008           raw         71         71         67          3          0          1          4          4
ym008           sys         71         71      94.37       4.23       0.00       1.41       5.63       5.63
ym009           raw         76         76         71          4          0          1          5          5
ym009           sys         76         76      93.42       5.26       0.00       1.32       6.58       6.58
ym010           raw         74         74         73          1          0          0          1          1
ym010           sys         74         74      98.65       1.35       0.00       0.00       1.35       1.35
SUM             raw       2062       2062       1850        166         14         46        226        215
SUM             sys       2062       2062      89.72       8.05       0.68       2.23      10.96      10.43
