SPEAKER         id       #SENT      #WORD       Corr        Sub        Ins        Del        Err      S.Err
yf001           raw         99         99         79         19          3          1         23         20
yf001           sys         99         99      79.80      19.19       3.03       1.01      23.23      20.20
yf002           raw        157        157        143         11          0          3         14         14
yf002           sys        157        157      91.08       7.01       0.00       1.91       8.92       8.92
yf003           raw        101        101         86         15          2          0         17         15
yf003           sys        101        101      85.15      14.85       1.98       0.00      16.83      14.85
yf004           raw        132        132        110         18          1          4         23         22
yf004           sys        132        132      83.33      13.64       0.76       3.03      17.42      16.67
yf005           raw        120        120         97         21          2          2         25         24
yf005           sys        120        120      80.83      17.50       1.67       1.67      20.83      20.00
yf006           raw        121        121        102         18          1          1         20         19
yf006           sys        121        121      84.30      14.88       0.83       0.83      16.53      15.70
yf007           raw         84         84         82          2          1          0          3          3
yf007           sys         84         84      97.62       2.38       1.19       0.00       3.57       3.57
yf008           raw         82         82         75          6          1          1          8          7
yf008           sys         82         82      91.46       7.32       1.22       1.22       9.76       8.54
yf009           raw         99         99         90          9          0          0          9          9
yf009           sys         99         99      90.91       9.09       0.00       0.00       9.09       9.09
yf010           raw         58         58         55          2          1          1          4          4
yf010           sys         58         58      94.83       3.45       1.72       1.72       6.90       6.90
ym001           raw        206        206        193          9          0          4         13         13
ym001           sys        206        206      93.69       4.37       0.00       1.94       6.31       6.31
ym002           raw        133        133        115         14          4          4         22         18
ym002           sys        133        133      86.47      10.53       3.01       3.01      16.54      13.53
ym003           raw         88         88         82          5          0          1          6          6
ym003           sys         88         88      93.18       5.68       0.00       1.14       6.82       6.82
ym004           raw        110        110        106          4          0          0          4          4
ym004           sys        110        110      96.36       3.64       0.00       0.00       3.64       3.64
ym005           raw        174        174        167          6          1          1          8          8
ym005           sys        174        174      95.98       3.45       0.57       0.57       4.60       4.60
ym006           raw         12         12          8          2          0          2          4          4
ym006           sys         12         12      66.67      16.67       0.00      16.67      33.33      33.33
ym007           raw         65         65         62          3          1          0          4          4
ym007           sys         65         65      95.38       4.62       1.54       0.00       6.15       6.15
ym008           raw         71         71         66          5          0          0          5          5
ym008           sys         71         71      92.96       7.04       0.00       0.00       7.04       7.04
ym009           raw         76         76         70          5          1          1          7          6
ym009           sys         76         76      92.11       6.58       1.32       1.32       9.21       7.89
ym010           raw         74         74         73          1          0          0          1          1
ym010           sys         74         74      98.65       1.35       0.00       0.00       1.35       1.35
SUM             raw       2062       2062       1861        175         19         26        220        206
SUM             sys       2062       2062      90.25       8.49       0.92       1.26      10.67       9.99
