SPEAKER         id       #SENT      #WORD       Corr        Sub        Ins        Del        Err      S.Err
yf001           raw         99         99         83         15          2          1         18         16
yf001           sys         99         99      83.84      15.15       2.02       1.01      18.18      16.16
yf002           raw        157        157        145          9          0          3         12         12
yf002           sys        157        157      92.36       5.73       0.00       1.91       7.64       7.64
yf003           raw        101        101         85         16          1          0         17         16
yf003           sys        101        101      84.16      15.84       0.99       0.00      16.83      15.84
yf004           raw        132        132        112         16          0          4         20         20
yf004           sys        132        132      84.85      12.12       0.00       3.03      15.15      15.15
yf005           raw        120        120        100         19          3          1         23         20
yf005           sys        120        120      83.33      15.83       2.50       0.83      19.17      16.67
yf006           raw        121        121        102         18          2          1         21         19
yf006           sys        121        121      84.30      14.88       1.65       0.83      17.36      15.70
yf007           raw         84         84         81          3          1          0          4          4
yf007           sys         84         84      96.43       3.57       1.19       0.00       4.76       4.76
yf008           raw         82         82         76          6          2          0          8          6
yf008           sys         82         82      92.68       7.32       2.44       0.00       9.76       7.32
yf009           raw         99         99         88         10          0          1         11         11
yf009           sys         99         99      88.89      10.10       0.00       1.01      11.11      11.11
yf010           raw         58         58         56          2          0          0          2          2
yf010           sys         58         58      96.55       3.45       0.00       0.00       3.45       3.45
ym001           raw        206        206        192         11          0          3         14         14
ym001           sys        206        206      93.20       5.34       0.00       1.46       6.80       6.80
ym002           raw        133        133        118         12          2          3         17         15
ym002           sys        133        133      88.72       9.02       1.50       2.26      12.78      11.28
ym003           raw         88         88         81          4          0          3          7          7
ym003           sys         88         88      92.05       4.55       0.00       3.41       7.95       7.95
ym004           raw        110        110        106          4          0          0          4          4
ym004           sys        110        110      96.36       3.64       0.00       0.00       3.64       3.64
ym005           raw        174        174        165          9          0          0          9          9
ym005           sys        174        174      94.83       5.17       0.00       0.00       5.17       5.17
ym006           raw         12         12          6          6          0          0          6          6
ym006           sys         12         12      50.00      50.00       0.00       0.00      50.00      50.00
ym007           raw         65         65         64          1          0          0          1          1
ym007           sys         65         65      98.46       1.54       0.00       0.00       1.54       1.54
ym008           raw         71         71         66          5          0          0          5          5
ym008           sys         71         71      92.96       7.04       0.00       0.00       7.04       7.04
ym009           raw         76         76         71          4          0          1          5          5
ym009           sys         76         76      93.42       5.26       0.00       1.32       6.58       6.58
ym010           raw         74         74         73          1          0          0          1          1
ym010           sys         74         74      98.65       1.35       0.00       0.00       1.35       1.35
SUM             raw       2062       2062       1870        171         13         21        205        193
SUM             sys       2062       2062      90.69       8.29       0.63       1.02       9.94       9.36
