SPEAKER         id       #SENT      #WORD       Corr        Sub        Ins        Del        Err      S.Err
yf001           raw         99         99         75         21          1          3         25         24
yf001           sys         99         99      75.76      21.21       1.01       3.03      25.25      24.24
yf002           raw        157        157        140         10          0          7         17         17
yf002           sys        157        157      89.17       6.37       0.00       4.46      10.83      10.83
yf003           raw        101        101         74         26          1          1         28         27
yf003           sys        101        101      73.27      25.74       0.99       0.99      27.72      26.73
yf004           raw        132        132        102         24          0          6         30         30
yf004           sys        132        132      77.27      18.18       0.00       4.55      22.73      22.73
yf005           raw        120        120         88         31          2          1         34         32
yf005           sys        120        120      73.33      25.83       1.67       0.83      28.33      26.67
yf006           raw        121        121         97         22          0          2         24         24
yf006           sys        121        121      80.17      18.18       0.00       1.65      19.83      19.83
yf007           raw         84         84         76          8          0          0          8          8
yf007           sys         84         84      90.48       9.52       0.00       0.00       9.52       9.52
yf008           raw         82         82         65         11          1          6         18         17
yf008           sys         82         82      79.27      13.41       1.22       7.32      21.95      20.73
yf009           raw         99         99         87          9          0          3         12         12
yf009           sys         99         99      87.88       9.09       0.00       3.03      12.12      12.12
yf010           raw         58         58         51          3          0          4          7          7
yf010           sys         58         58      87.93       5.17       0.00       6.90      12.07      12.07
ym001           raw        206        206        184         13          0          9         22         22
ym001           sys        206        206      89.32       6.31       0.00       4.37      10.68      10.68
ym002           raw        133        133        111         11          0         11         22         22
ym002           sys        133        133      83.46       8.27       0.00       8.27      16.54      16.54
ym003           raw         88         88         79          7          0          2          9          9
ym003           sys         88         88      89.77       7.95       0.00       2.27      10.23      10.23
ym004           raw        110        110        104          5          0          1          6          6
ym004           sys        110        110      94.55       4.55       0.00       0.91       5.45       5.45
ym005           raw        174        174        161         11          1          2         14         14
ym005           sys        174        174      92.53       6.32       0.57       1.15       8.05       8.05
ym006           raw         12         12          8          2          0          2          4          4
ym006           sys         12         12      66.67      16.67       0.00      16.67      33.33      33.33
ym007           raw         65         65         57          7          1          1          9          9
ym007           sys         65         65      87.69      10.77       1.54       1.54      13.85      13.85
ym008           raw         71         71         66          4          0          1          5          5
ym008           sys         71         71      92.96       5.63       0.00       1.41       7.04       7.04
ym009           raw         76         76         71          3          0          2          5          5
ym009           sys         76         76      93.42       3.95       0.00       2.63       6.58       6.58
ym010           raw         74         74         71          1          0          2          3          3
ym010           sys         74         74      95.95       1.35       0.00       2.70       4.05       4.05
SUM             raw       2062       2062       1767        229          7         66        302        297
SUM             sys       2062       2062      85.69      11.11       0.34       3.20      14.65      14.40
